[Starting] Opening the serial port - COM3
[Done] Closed the serial port 

[Starting] Opening the serial port - COM3
534.00,36.01,22.64,1004.55,626.00,31.51,21.38,1004.37,
534.00,36.00,22.66,1004.51,626.00,31.52,21.40,1004.37,
534.00,35.99,22.66,1004.53,626.00,31.51,21.40,1004.35,
534.00,35.98,22.67,1004.52,627.00,31.50,21.40,1004.37,
534.00,35.97,22.67,1004.51,627.00,31.50,21.40,1004.37,
534.00,35.98,22.67,1004.58,627.00,31.50,21.41,1004.37,
534.00,35.99,22.68,1004.56,627.00,31.50,21.41,1004.40,
534.00,35.98,22.68,1004.61,627.00,31.50,21.40,1004.36,
534.00,35.96,22.69,1004.56,627.00,31.50,21.41,1004.37,
534.00,35.95,22.70,1004.50,627.00,31.50,21.41,1004.33,
534.00,35.94,22.70,1004.51,628.00,31.50,21.42,1004.35,
534.00,35.93,22.70,1004.51,628.00,31.50,21.42,1004.37,
533.00,35.93,22.71,1004.57,628.00,31.49,21.42,1004.39,
534.00,35.92,22.72,1004.55,628.00,31.49,21.43,1004.35,
533.00,35.92,22.72,1004.56,628.00,31.49,21.42,1004.34,
533.00,35.91,22.73,1004.55,628.00,31.49,21.42,1004.37,
533.00,35.91,22.73,1004.51,628.00,31.48,21.43,1004.35,
533.00,35.91,22.74,1004.52,628.00,31.48,21.43,1004.37,
533.00,35.90,22.74,1004.54,628.00,31.49,21.43,1004.37,
533.00,35.88,22.75,1004.50,628.00,31.49,21.43,1004.35,
533.00,35.88,22.76,1004.57,628.00,31.48,21.44,1004.38,
533.00,35.91,22.76,1004.55,629.00,31.48,21.43,1004.37,
533.00,35.91,22.77,1004.53,629.00,31.48,21.43,1004.36,
533.00,35.89,22.77,1004.55,630.00,31.48,21.44,1004.39,
533.00,35.88,22.77,1004.56,630.00,31.48,21.44,1004.37,
533.00,35.85,22.78,1004.57,631.00,31.47,21.44,1004.38,
533.00,35.84,22.78,1004.57,633.00,31.48,21.45,1004.38,
533.00,35.84,22.79,1004.59,633.00,31.47,21.44,1004.39,
533.00,35.82,22.80,1004.56,633.00,31.47,21.45,1004.33,
533.00,35.82,22.80,1004.57,633.00,31.47,21.45,1004.37,
533.00,35.82,22.81,1004.58,634.00,31.47,21.45,1004.38,
533.00,35.82,22.81,1004.59,635.00,31.47,21.45,1004.37,
533.00,35.82,22.82,1004.55,636.00,31.47,21.45,1004.37,
533.00,35.81,22.82,1004.58,636.00,31.47,21.46,1004.44,
ovf,35.82,22.83,1004.60,636.00,31.46,21.46,1004.41,
533.00,35.82,22.82,1004.57,637.00,31.46,21.46,1004.41,
533.00,35.82,22.83,1004.59,638.00,31.46,21.46,1004.39,
533.00,35.81,22.83,1004.59,639.00,31.46,21.47,1004.42,
533.00,35.81,22.84,1004.54,640.00,31.44,21.47,1004.[Done] Closed the serial port 

[Starting] Opening the serial port - COM3
533.00,35.74,22.88,1004.59,645.00,31.45,21.47,1004.42,
533.00,35.74,22.89,1004.60,645.00,31.45,21.49,1004.43,
533.00,35.73,22.89,1004.58,646.00,31.44,21.48,1004.40,
533.00,35.72,22.89,1004.62,646.00,31.44,21.49,1004.43,
533.00,35.72,22.90,1004.32,647.00,31.44,21.49,1004.43,
533.00,35.71,22.91,1004.59,646.00,31.43,21.49,1004.41,
533.00,35.72,22.91,1004.61,647.00,31.43,21.49,1004.45,
533.00,35.74,22.92,1004.60,647.00,31.43,21.50,1004.43,
533.00,35.71,22.92,1004.60,647.00,31.44,21.49,1004.40,
533.00,35.70,22.93,1004.59,647.00,31.44,21.49,1004.42,
533.00,35.69,22.94,1004.64,647.00,31.43,21.50,1004.41,
533.00,35.67,22.94,1004.63,647.00,31.43,21.49,1004.42,
533.00,35.69,22.94,1004.57,647.00,31.43,21.50,1004.45,
533.00,35.70,22.95,1004.60,647.00,31.43,21.50,1004.43,
533.00,35.71,22.96,1004.60,648.00,31.43,21.50,1004.40,
533.00,35.71,22.96,1004.59,649.00,31.43,21.50,1004.44,
533.00,35.72,22.96,1004.63,650.00,31.43,21.50,1004.44,
533.00,35.72,22.97,1004.64,650.00,31.43,21.50,1004.44,
533.00,35.71,22.97,1004.28,651.00,31.43,21.50,1004.44,
533.00,35.72,22.98,1004.64,651.00,31.43,21.51,1004.44,
533.00,35.75,22.98,1004.59,652.00,31.43,21.51,1004.46,
533.00,35.76,22.98,1004.56,657.00,31.42,21.51,1004.47,
533.00,35.75,22.99,1004.68,660.00,31.42,21.51,1004.47,
533.00,35.73,22.99,1004.60,662.00,31.42,21.51,1004.44,
533.00,35.72,23.00,1004.60,662.00,31.43,21.51,1004.42,
533.00,35.72,23.01,1004.67,665.00,31.42,21.51,1004.42,
533.00,35.71,23.00,1004.59,667.00,31.42,21.52,1004.44,
533.00,35.71,23.01,1004.59,670.00,31.42,21.52,1004.45,
533.00,35.70,23.02,1004.58,671.00,31.42,21.52,1004.45,
533.00,35.69,23.03,1004.59,674.00,31.42,21.52,1004.42,
533.00,35.68,23.03,1004.57,676.00,31.42,21.52,1004.41,
533.00,35.68,23.03,1004.58,677.00,31.41,21.53,1004.43,
533.00,35.67,23.05,1004.59,679.00,31.41,21.53,1004.44,
533.00,35.66,23.05,1004.59,679.00,31.41,21.53,1004.39,
533.00,35.66,23.05,1004.47,680.00,31.41,21.54,1004.43,
533.00,35.65,23.05,1004.59,680.00,31.41,21.53,1004.42,
533.00,35.68,23.06,1004.56,682.00,31.41,21.54,1004.39,
533.00,35.68,23.07,1004.59,683.00,31.40,21.54,1004.45,
533.00,35.68,23.07,1004.57,685.00,31.40,21.54,1004.43,
534.00,35.70,23.08,1004.59,687.00,31.40,21.54,1004.42,
534.00,35.70,23.08,1004.58,686.00,31.40,21.54,1004.40,
534.00,35.70,23.08,1004.55,687.00,31.41,21.54,1004.44,
534.00,35.70,23.09,1004.62,690.00,31.40,21.55,1004.40,
534.00,35.70,23.09,1004.58,692.00,31.40,21.55,1004.38,
534.00,35.71,23.10,1004.53,693.00,31.40,21.55,1004.38,
534.00,35.71,23.10,1004.58,696.00,31.40,21.55,1004.37,
[Done] Closed the serial port 

[Starting] Opening the serial port - COM3
535.00,35.70,23.12,1004.53,708.00,31.39,21.55,1004.35,
535.00,35.64,23.18,1004.55,709.00,31.36,21.61,1004.36,
535.00,35.57,23.22,1004.55,709.00,31.35,21.65,1004.39,
535.00,35.50,23.26,1004.57,713.00,31.33,21.68,1004.36,
535.00,35.43,23.31,1004.58,713.00,31.28,21.71,1004.37,
535.00,35.36,23.37,1004.56,713.00,31.24,21.74,1004.34,
535.00,35.29,23.41,1004.58,714.00,31.20,21.77,1004.41,
535.00,35.23,23.45,1004.58,714.00,31.17,21.80,1004.35,
535.00,35.17,23.49,1004.56,714.00,31.14,21.84,1004.38,
535.00,35.11,23.52,1004.52,714.00,31.08,21.86,1004.31,
535.00,35.05,23.56,1004.57,714.00,31.04,21.89,1004.33,
535.00,34.99,23.60,1004.55,715.00,31.00,21.92,1004.33,
535.00,34.95,23.62,1004.56,715.00,31.02,21.96,1004.33,
535.00,34.89,23.65,1004.55,716.00,31.02,21.98,1004.32,
535.00,34.85,23.68,1004.54,715.00,31.00,22.01,1004.33,
535.00,34.81,23.72,1004.56,716.00,30.99,22.04,1004.37,
535.00,34.79,23.75,1004.57,716.00,30.95,22.06,1004.34,
535.00,34.75,23.79,1004.57,716.00,30.93,22.09,1004.37,
536.00,34.72,23.82,1004.60,716.00,30.91,22.11,1004.34,
536.00,34.69,23.85,1004.57,716.00,30.89,22.14,1004.34,
536.00,34.67,23.88,1004.59,716.00,30.85,22.17,1004.36,
536.00,34.65,23.91,1004.57,716.00,30.82,22.19,1004.38,
537.00,34.63,23.94,1004.56,717.00,30.79,22.21,1004.35,
ovf,34.61,23.96,1004.57,717.00,30.77,22.23,1004.38,
537.00,34.58,23.99,1004.55,717.00,30.73,22.26,1004.35,
537.00,34.56,24.01,1004.58,717.00,30.71,22.28,1004.38,
537.00,34.54,24.04,1004.57,717.00,30.68,22.30,1004.40,
537.00,34.54,24.07,1004.61,718.00,30.67,22.33,1004.39,
537.00,34.55,24.10,1004.58,718.00,30.64,22.35,1004.38,
537.00,34.57,24.12,1004.59,718.00,30.61,22.37,1004.41,
537.00,34.57,24.15,1004.59,719.00,30.60,22.39,1004.37,
537.00,34.56,24.17,1004.59,719.00,30.56,22.41,1004.38,
537.00,34.54,24.20,1004.58,719.00,30.54,22.43,1004.37,
537.00,34.50,24.21,1004.58,719.00,30.52,22.46,1004.39,
537.00,34.45,24.24,1004.60,719.00,30.50,22.47,1004.35,
537.00,34.42,24.27,1004.62,719.00,30.48,22.49,1004.39,
537.00,34.38,24.28,1004.58,719.00,30.46,22.50,1004.37,
537.00,34.34,24.31,1004.57,719.00,30.44,22.52,1004.34,
537.00,34.32,24.33,1004.60,719.00,30.43,22.54,1004.38,
537.00,34.31,24.34,1004.60,720.00,30.40,22.56,1004.36,
538.00,34.28,24.37,1004.59,720.00,30.38,22.57,1004.39,
537.00,34.27,24.38,1004.55,720.00,30.37,22.59,1004.35,
537.00,34.25,24.41,1004.61,720.00,30.34,22.62,1004.35,
537.00,34.24,24.44,1004.60,720.00,30.33,22.64,1004.38,
537.00,34.23,24.44,1004.59,720.00,30.32,22.65,1004.35,
537.00,34.22,24.47,1004.57,720.00,30.30,22.67,1004.34,
537.00,34.21,24.49,1004.59,720.00,30.29,22.68,1004.37,
537.00,34.28,24.50,1004.62,720.00,30.27,22.70,1004.39,
537.00,34.55,24.51,1004.58,721.00,30.25,22.71,1004.38,
537.00,35.24,24.52,1004.61,726.00,30.23,22.73,1004.39,
537.00,35.70,24.51,1004.60,733.00,30.22,22.74,1004.42,
537.00,35.77,24.51,1004.58,743.00,30.20,22.76,1004.38,
537.00,35.80,24.52,1004.61,762.00,30.19,22.77,1004.40,
536.00,35.85,24.52,1004.60,777.00,30.17,22.78,1004.38,
536.00,35.89,24.53,1004.61,801.00,30.16,22.80,1004.40,
536.00,35.97,24.55,1004.61,833.00,30.14,22.81,1004.37,
536.00,36.10,24.56,1004.62,873.00,30.13,22.83,1004.43,
536.00,36.22,24.57,1004.59,900.00,30.12,22.84,1004.44,
536.00,36.28,24.58,1004.59,951.00,30.10,22.85,1004.39,
537.00,36.29,24.60,1004.62,ovf,30.08,22.87,1004.41,
537.00,36.34,24.61,1004.63,1014.00,30.06,22.88,1004.39,
536.00,36.39,24.63,1004.62,1015.00,30.06,22.89,1004.40,
537.00,36.43,24.64,1004.58,1020.00,30.04,22.91,1004.41,
ovf,36.46,24.66,1004.62,1029.00,30.03,22.92,1004.39,
537.00,36.47,24.67,1004.59,1033.00,30.02,22.93,1004.36,
536.00,36.47,24.68,1004.58,1043.00,30.01,22.95,1004.41,
537.00,36.47,24.69,1004.60,1042.00,29.99,22.96,1004.45,
537.00,36.49,24.71,1004.62,1043.00,29.98,22.97,1004.43,
537.00,36.50,24.72,1004.63,1044.00,29.97,22.99,1004.42,
537.00,36.49,24.73,1004.64,1048.00,29.96,23.00,1004.42,
537.00,36.49,24.75,1004.68,1051.00,29.95,23.02,1004.44,
537.00,36.47,24.76,1004.64,1056.00,29.93,23.03,1004.42,
537.00,36.45,24.78,1004.64,1059.00,29.93,23.04,1004.45,
537.00,36.41,24.80,1004.65,1062.00,29.92,23.05,1004.44,
537.00,36.39,24.80,1004.64,1064.00,29.89,23.06,1004.45,
537.00,36.38,24.82,1004.65,1066.00,29.88,23.07,1004.41,
537.00,36.37,24.82,1004.65,1066.00,29.87,23.08,1004.45,
537.00,36.35,24.85,1004.64,1068.00,29.86,23.10,1004.46,
537.00,36.33,24.86,1004.61,1068.00,29.85,23.10,1004.41,
537.00,36.29,24.87,1004.64,1070.00,29.84,23.12,1004.48,
537.00,36.27,24.87,1004.64,1070.00,29.83,23.13,1004.43,
537.00,36.25,24.89,1004.63,1071.00,29.82,23.14,1004.40,
537.00,36.23,24.89,1004.62,1073.00,29.81,23.15,1004.45,
537.00,36.22,24.90,1004.65,1074.00,29.80,23.16,1004.44,
537.00,36.21,24.91,1004.62,1074.00,29.80,23.17,1004.45,
537.00,36.19,24.93,1004.60,1076.00,29.79,23.18,1004.44,
537.00,36.17,24.94,1004.63,1076.00,29.78,23.19,1004.46,
537.00,36.15,24.95,1004.62,1077.00,29.76,23.20,1004.46,
537.00,36.13,24.97,1004.60,1076.00,29.76,23.21,1004.44,
537.00,36.11,24.98,1004.62,1077.00,29.74,23.23,1004.45,
537.00,36.09,24.99,1004.63,1077.00,29.72,23.23,1004.46,
537.00,36.07,25.00,1004.62,1078.00,29.71,23.25,1004.45,
537.00,36.04,25.01,1004.59,1078.00,29.71,23.25,1004.44,
537.00,36.02,25.02,1004.62,1078.00,29.70,23.26,1004.43,
537.00,36.00,25.04,1004.63,1079.00,29.69,23.27,1004.48,
537.00,35.99,25.04,1004.58,1079.00,29.69,23.28,1004.45,
537.00,35.98,25.05,1004.60,1080.00,29.67,23.30,1004.43,
537.00,35.96,25.07,1004.61,1080.00,29.67,23.31,1004.41,
538.00,35.94,25.07,1004.63,1080.00,29.66,23.31,1004.40,
537.00,35.92,25.09,1004.60,ovf,29.65,23.32,1004.45,
537.00,35.90,25.09,1004.64,1082.00,29.64,23.34,1004.41,
537.00,35.89,25.11,1004.63,1082.00,29.63,23.35,1004.45,
537.00,35.87,25.11,1004.58,1083.00,29.62,23.35,1004.42,
537.00,35.85,25.13,1004.63,1084.00,29.61,23.37,1004.42,
538.00,35.83,25.15,1004.62,1085.00,29.61,23.38,1004.44,
538.00,35.79,25.17,1004.61,1085.00,29.60,23.39,1004.41,
538.00,35.77,25.18,1004.61,1085.00,29.59,23.40,1004.40,
[Done] Closed the serial port 

[Starting] Opening the serial port - COM3
537.00,35.70,25.21,1004.64,1086.00,29.53,23.41,1004.41,
536.00,35.70,25.24,1004.63,1085.00,29.52,23.45,1004.43,
537.00,35.68,25.25,1004.60,1085.00,29.51,23.46,1004.44,
537.00,35.65,25.26,1004.60,1086.00,29.53,23.47,1004.42,
536.00,35.64,25.28,1004.62,1086.00,29.51,23.49,1004.42,
536.00,35.62,25.29,1004.60,1086.00,29.50,23.49,1004.41,
536.00,35.60,25.31,1004.58,1087.00,29.49,23.51,1004.45,
535.00,35.60,25.31,1004.59,1088.00,29.49,23.52,1004.45,
535.00,35.59,25.32,1004.61,1087.00,29.48,23.53,1004.41,
535.00,35.57,25.33,1004.62,1088.00,29.47,23.54,1004.44,
535.00,35.56,25.33,1004.63,1088.00,29.46,23.55,1004.44,
535.00,35.55,25.34,1004.59,1089.00,29.46,23.56,1004.40,
535.00,35.54,25.36,1004.67,1090.00,29.45,23.58,1004.44,
535.00,35.53,25.37,1004.66,1089.00,29.44,23.59,1004.46,
535.00,35.50,25.38,1004.63,1089.00,29.42,23.60,1004.42,
535.00,35.48,25.39,1004.64,1090.00,29.42,23.61,1004.36,
535.00,35.47,25.40,1004.62,1090.00,29.41,23.62,1004.45,
535.00,35.46,25.41,1004.63,1090.00,29.40,23.63,1004.43,
535.00,35.45,25.43,1004.64,1091.00,29.39,23.64,1004.44,
535.00,35.44,25.42,1004.66,1091.00,29.38,23.65,1004.41,
535.00,35.42,25.44,1004.63,1091.00,29.38,23.67,1004.44,
535.00,35.41,25.44,1004.60,1093.00,29.37,23.67,1004.42,
535.00,35.40,25.46,1004.65,1093.00,29.36,23.68,1004.43,
535.00,35.39,25.47,1004.63,1093.00,29.36,23.69,1004.44,
535.00,35.37,25.48,1004.63,1095.00,29.34,23.71,1004.43,
535.00,35.35,25.49,1004.62,1095.00,29.34,23.72,1004.43,
535.00,35.32,25.51,1004.62,1095.00,29.33,23.73,1004.43,
535.00,35.32,25.52,1004.62,1095.00,29.32,23.74,1004.45,
535.00,35.29,25.53,1004.60,1096.00,29.32,23.75,1004.45,
535.00,35.28,25.53,1004.56,1096.00,29.30,23.76,1004.47,
535.00,35.27,25.55,1004.62,1097.00,29.29,23.77,1004.43,
535.00,35.26,25.56,1004.63,1097.00,29.28,23.78,1004.43,
535.00,35.24,25.58,1004.63,1097.00,29.27,23.79,1004.45,
535.00,35.21,25.58,1004.62,1097.00,29.27,23.80,1004.45,
535.00,35.19,25.60,1004.63,1099.00,29.26,23.81,1004.44,
535.00,35.17,25.63,1004.64,1101.00,29.26,23.82,1004.45,
535.00,35.05,25.74,1004.63,1101.00,29.25,23.83,1004.45,
535.00,34.92,25.83,1004.67,1102.00,29.23,23.84,1004.48,
535.00,34.74,25.95,1004.64,1102.00,29.23,23.85,1004.48,
535.00,34.61,26.04,1004.65,1103.00,29.22,23.86,1004.48,
535.00,34.45,26.14,1004.65,1105.00,29.22,23.87,1004.49,
535.00,34.33,26.20,1004.67,1106.00,29.21,23.88,1004.46,
534.00,34.22,26.25,1004.68,1106.00,29.20,23.88,1004.49,
534.00,34.18,26.26,1004.68,1106.00,29.20,23.89,1004.47,
534.00,34.15,26.28,1004.70,1108.00,29.18,23.90,1004.47,
534.00,34.14,26.27,1004.66,1109.00,29.18,23.91,1004.43,
534.00,34.12,26.28,1004.66,1111.00,29.17,23.92,1004.48,
534.00,34.09,26.29,1004.68,1111.00,29.17,23.93,1004.51,
534.00,34.07,26.31,1004.70,1112.00,29.16,23.94,1004.49,
534.00,34.05,26.33,1004.69,1113.00,29.15,23.95,1004.47,
ovf,34.01,26.35,1004.68,1116.00,29.14,23.96,1004.46,
534.00,33.99,26.37,1004.69,1116.00,29.13,23.97,1004.49,
534.00,33.91,26.43,1004.64,1117.00,29.13,23.98,1004.48,
535.00,33.82,26.49,1004.67,1120.00,29.13,23.98,1004.49,
534.00,33.71,26.56,1004.65,1122.00,29.12,24.00,1004.50,
534.00,33.63,26.60,1004.68,1123.00,29.11,24.01,1004.50,
534.00,33.52,26.67,1004.66,1126.00,29.11,24.02,1004.48,
534.00,33.45,26.72,1004.67,1127.00,29.08,24.02,1004.48,
533.00,33.33,26.79,1004.69,1130.00,29.08,24.03,1004.51,
534.00,33.27,26.84,1004.70,1131.00,29.07,24.04,1004.50,
533.00,33.21,26.85,1004.70,1130.00,29.07,24.06,1004.47,
534.00,33.22,26.83,1004.70,1133.00,29.06,24.06,1004.53,
534.00,33.23,26.81,1004.66,1134.00,29.05,24.08,1004.46,
534.00,33.25,26.79,1004.70,1136.00,29.05,24.08,1004.52,
534.00,33.29,26.77,1004.69,1136.00,29.04,24.09,1004.51,
534.00,33.30,26.77,1004.69,1137.00,29.04,24.09,1004.51,
534.00,33.32,26.75,1004.67,1138.00,29.03,24.10,1004.51,
534.00,33.33,26.75,1004.68,1139.00,29.02,24.11,1004.49,
534.00,33.35,26.74,1004.71,1140.00,29.02,24.12,1004.50,
534.00,33.36,26.73,1004.68,1141.00,29.02,24.13,1004.51,
534.00,33.36,26.74,1004.70,1142.00,29.01,24.14,1004.50,
534.00,33.34,26.76,1004.71,1142.00,29.01,24.15,1004.47,
534.00,33.30,26.79,1004.71,1143.00,28.99,24.16,1004.50,
534.00,33.28,26.81,1004.71,1143.00,28.99,24.17,1004.45,
534.00,33.28,26.80,1004.69,1145.00,28.98,24.17,1004.49,
534.00,33.25,26.83,1004.71,1145.00,28.98,24.18,1004.46,
[Starting] Opening the serial port - COM3
1345.00,33.40,26.42,1005.12,1171.00,30.82,24.65,1004.90,
ovf,33.39,26.44,1005.17,1171.00,30.80,24.67,1004.90,
1344.00,33.38,26.46,1005.13,1170.00,30.79,24.68,1004.90,
ovf,33.37,26.47,1005.14,1171.00,30.77,24.70,1004.92,
[Done] Closed the serial port 

[Starting] Opening the serial port - COM3
1277.00,32.54,27.31,1005.09,1172.00,32.96,25.08,994.19,
1277.00,32.51,27.34,1005.08,1172.00,33.15,25.09,995.69,
1278.00,32.50,27.35,1005.12,1172.00,33.22,25.10,994.98,
1276.00,32.48,27.36,1005.07,1172.00,33.37,25.10,993.52,
1276.00,32.47,27.38,1005.06,1172.00,33.49,25.08,994.59,
1275.00,32.46,27.39,1005.11,1172.00,33.68,25.08,996.85,
1275.00,32.44,27.40,1005.08,1172.00,33.88,25.08,1004.88,
1275.00,32.42,27.42,1005.09,1172.00,33.72,25.08,1004.91,
1275.00,32.41,27.44,1005.09,1172.00,33.60,25.08,1004.90,
1275.00,32.38,27.44,1005.07,1171.00,33.52,25.09,1004.93,
1274.00,32.35,27.46,1005.13,1171.00,33.32,25.11,1004.92,
1274.00,32.34,27.48,1005.06,1171.00,33.17,25.12,1004.89,
1274.00,32.32,27.48,1005.04,1171.00,33.08,25.13,1004.91,
1274.00,32.30,27.49,1005.03,1171.00,33.04,25.14,1004.94,
1274.00,32.29,27.52,1005.05,1170.00,32.98,25.15,1003.38,
1275.00,32.26,27.52,1005.03,1170.00,33.11,25.17,1002.26,
1274.00,32.24,27.53,1005.03,1171.00,32.94,25.16,996.41,
1272.00,32.23,27.54,1005.04,1171.00,33.29,25.16,998.03,
1273.00,32.21,27.56,1005.02,1171.00,33.30,25.16,995.85,
1273.00,32.19,27.56,1005.02,ovf,33.46,25.16,994.98,
1273.00,32.18,27.58,1005.06,1172.00,33.60,25.15,992.06,
1274.00,32.16,27.59,1005.06,1172.00,33.71,25.15,994.23,
1274.00,32.14,27.60,1005.06,1171.00,33.90,25.14,1001.22,
1275.00,32.12,27.61,1005.06,1171.00,34.01,25.16,1004.93,
1275.00,32.11,27.63,1005.04,1171.00,33.77,25.17,1004.93,
1274.00,32.10,27.64,1005.03,1171.00,33.66,25.16,993.09,
1273.00,32.09,27.64,1005.01,1171.00,33.84,25.16,992.38,
1272.00,32.08,27.67,1005.07,1171.00,33.99,25.16,992.01,
1271.00,32.07,27.67,1005.09,1171.00,34.01,25.14,991.12,
1271.00,32.05,27.68,1005.06,1171.00,34.08,25.14,990.56,
1270.00,32.04,27.69,1005.03,1171.00,34.11,25.12,990.22,
1269.00,32.03,27.70,1005.03,1171.00,34.12,25.12,989.83,
1265.00,32.01,27.71,1005.00,1171.00,34.12,25.11,989.48,
1261.00,32.00,27.73,1005.04,1171.00,34.15,25.11,989.22,
1257.00,31.99,27.74,1005.07,1171.00,34.22,25.09,988.04,
1251.00,31.97,27.74,1005.04,1171.00,34.36,25.09,987.49,
1247.00,31.96,27.76,1005.05,1171.00,34.56,25.09,986.03,
1242.00,31.95,27.76,1005.09,1171.00,34.57,25.08,986.22,
1237.00,31.94,27.77,1005.06,1172.00,34.63,25.07,985.63,
1235.00,31.93,27.78,1005.07,1172.00,34.71,25.06,983.87,
ovf,31.92,27.79,1005.11,1172.00,34.72,25.07,983.38,
1234.00,31.91,27.80,1005.07,1173.00,34.84,25.07,992.19,
1235.00,31.88,27.81,1005.09,1173.00,34.84,25.07,994.79,
1236.00,31.87,27.82,1005.06,1173.00,34.91,25.08,988.45,
1237.00,31.86,27.83,1005.04,1173.00,34.86,25.07,984.38,
1237.00,31.85,27.84,1005.08,1173.00,34.83,25.08,982.82,
1240.00,31.84,27.85,1005.06,1173.00,35.20,25.11,1004.91,
1244.00,31.83,27.85,1005.05,1173.00,35.00,25.12,1004.94,
1251.00,31.81,27.86,1005.04,1174.00,34.72,25.15,1004.98,
1256.00,31.80,27.88,1005.07,1174.00,34.50,25.16,1004.97,
1261.00,31.80,27.88,1005.06,1174.00,34.37,25.18,1004.96,
1264.00,31.78,27.89,1005.05,1174.00,34.28,25.20,1004.94,
1267.00,31.78,27.89,1005.04,1175.00,34.21,25.22,1004.96,
1270.00,31.77,27.90,1005.03,1175.00,34.14,25.23,1004.94,
1270.00,31.75,27.91,1005.06,1174.00,34.07,25.26,1004.97,
1273.00,31.74,27.92,1005.06,1175.00,34.01,25.28,1004.97,
1275.00,31.73,27.93,1005.06,1174.00,33.95,25.30,1004.96,
1275.00,31.72,27.93,1005.07,1173.00,33.88,25.31,1004.96,
1276.00,31.70,27.94,1005.06,1173.00,33.79,25.34,1004.96,
1277.00,31.70,27.95,1005.05,1174.00,33.76,25.36,1004.95,
1278.00,31.69,27.96,1005.06,1173.00,33.69,25.37,1004.96,
1278.00,31.68,27.97,1005.10,1173.00,33.62,25.39,1004.98,
1277.00,31.67,27.98,1005.05,1173.00,33.58,25.41,1004.95,
1277.00,31.66,27.98,1005.03,1173.00,33.54,25.42,1004.95,
1278.00,31.63,28.00,1005.05,1173.00,33.48,25.44,1004.94,
1278.00,31.63,28.01,1005.04,1173.00,33.43,25.45,1004.94,
1279.00,31.62,28.02,1005.07,1173.00,33.39,25.47,1004.95,
ovf,31.61,28.02,1005.11,1173.00,33.36,25.49,1004.95,
1278.00,31.59,28.03,1005.09,1173.00,33.28,25.50,1004.96,
1279.00,31.58,28.04,1005.07,1173.00,33.24,25.52,1004.95,
1279.00,31.57,28.05,1005.08,1173.00,33.21,25.53,1004.96,
1279.00,31.56,28.06,1005.07,1173.00,33.17,25.54,1004.94,
1279.00,31.55,28.06,1005.08,1173.00,33.13,25.56,1004.95,
1278.00,31.54,28.07,1005.09,1173.00,33.08,25.57,1004.95,
1278.00,31.52,28.08,1005.08,1173.00,33.07,25.58,1004.94,
1278.00,31.51,28.09,1005.10,1173.00,33.06,25.59,1004.95,
1278.00,31.50,28.09,1005.09,1173.00,32.95,25.61,1004.93,
[Starting] Opening the serial port - COM3
917.00,31.35,27.76,1005.20,1161.00,31.16,25.23,997.86,
908.00,31.34,27.79,1005.22,1160.00,30.96,25.25,1004.73,
899.00,31.32,27.80,1005.21,1161.00,31.04,25.29,1005.09,
892.00,31.31,27.81,1005.22,1161.00,31.07,25.30,1000.32,
877.00,31.29,27.82,1005.23,1160.00,30.69,25.29,998.95,
865.00,31.28,27.81,1005.22,1159.00,31.16,25.29,998.74,
857.00,31.27,27.83,1005.23,1158.00,31.25,25.29,985.08,
851.00,31.27,27.83,1005.22,1157.00,31.39,25.31,1005.06,
849.00,31.26,27.84,1005.19,1157.00,31.42,25.34,1005.02,
845.00,31.25,27.85,1005.18,1157.00,31.46,25.35,1005.09,
844.00,31.24,27.86,1005.21,1156.00,31.50,25.37,1005.04,
840.00,31.22,27.87,1005.20,1156.00,31.50,25.39,1005.06,
835.00,31.21,27.87,1005.24,1156.00,31.58,25.40,984.32,
826.00,31.20,27.88,1005.17,1156.00,30.90,25.37,958.19,
803.00,31.18,27.89,1005.16,1156.00,30.22,25.33,913.97,
776.00,31.17,27.90,1005.21,1156.00,29.46,25.26,856.73,
709.00,31.14,27.92,1005.21,1155.00,28.78,25.21,800.35,
655.00,31.12,27.92,1005.23,1154.00,28.17,25.17,743.33,
593.00,31.11,27.94,1005.25,1152.00,27.90,25.16,725.66,
576.00,31.09,27.93,1005.21,1151.00,28.42,25.17,749.66,
580.00,31.08,27.94,1005.18,1151.00,28.62,25.18,765.47,
588.00,31.06,27.95,1005.22,1151.00,28.90,25.20,779.79,
595.00,31.02,27.95,1005.17,1150.00,29.14,25.22,791.55,
605.00,31.00,27.96,1005.19,1150.00,29.39,25.24,801.65,
612.00,30.99,27.97,1005.19,1150.00,29.46,25.26,811.20,
618.00,30.98,27.98,1005.21,1149.00,29.54,25.28,820.29,
621.00,30.96,27.99,1005.19,1148.00,29.55,25.30,829.02,
630.00,30.93,27.99,1005.22,1148.00,29.68,25.33,837.99,
640.00,30.92,28.01,1005.21,1147.00,29.89,25.35,849.70,
650.00,30.92,28.00,1005.20,1147.00,30.08,25.37,861.39,
657.00,30.92,28.01,1005.20,1146.00,30.23,25.40,872.52,
664.00,30.93,28.03,1005.21,1146.00,30.36,25.42,882.94,
671.00,30.93,28.03,1005.19,1145.00,30.46,25.45,892.41,
674.00,30.94,28.03,1005.20,1145.00,30.53,25.47,901.51,
682.00,30.95,28.04,1005.22,1145.00,30.59,25.50,910.22,
689.00,30.95,28.05,1005.21,1144.00,30.65,25.52,917.94,
692.00,30.95,28.05,1005.22,1144.00,30.65,25.55,925.07,
695.00,30.95,28.06,1005.21,1144.00,30.66,25.57,931.69,
697.00,30.94,28.06,1005.21,1145.00,30.68,25.59,938.00,
700.00,30.95,28.07,1005.22,1145.00,30.69,25.62,943.48,
701.00,30.94,28.07,1005.20,1144.00,30.68,25.64,948.95,
703.00,30.94,28.07,1005.22,1144.00,30.68,25.66,953.98,
706.00,30.94,28.08,1005.21,1144.00,30.70,25.69,958.51,
709.00,30.93,28.08,1005.22,1144.00,30.70,25.71,962.70,
710.00,30.94,28.08,1005.24,1144.00,30.71,25.72,966.49,
713.00,30.93,28.08,1005.25,1144.00,30.72,25.74,970.03,
716.00,30.93,28.08,1005.26,1144.00,30.71,25.76,973.31,
ovf,30.93,28.09,1005.22,1144.00,30.73,25.78,976.43,
723.00,30.91,28.11,1005.25,1145.00,30.73,25.80,980.01,
727.00,30.91,28.10,1005.23,1145.00,30.74,25.82,982.55,
732.00,30.91,28.10,1005.24,1145.00,30.75,25.83,984.78,
737.00,30.91,28.11,1005.23,1145.00,30.79,25.85,986.96,
740.00,30.91,28.11,1005.24,1145.00,30.81,25.86,988.80,
744.00,30.89,28.11,1005.23,1146.00,30.85,25.88,990.47,
748.00,30.86,28.12,1005.25,1149.00,30.86,25.89,992.12,
753.00,30.86,28.12,1005.21,1157.00,30.88,25.90,993.50,
756.00,30.84,28.13,1005.25,1169.00,30.90,25.92,994.82,
759.00,30.82,28.13,1005.23,1186.00,30.92,25.93,995.98,
763.00,30.81,28.14,1005.22,1208.00,30.93,25.94,997.15,
766.00,30.81,28.15,1005.26,1226.00,30.96,25.96,998.12,
769.00,30.80,28.15,1005.26,1242.00,30.98,25.97,998.95,
771.00,30.79,28.15,1005.23,1254.00,30.99,25.98,999.68,
773.00,30.79,28.16,1005.24,1262.00,31.01,25.99,1000.37,
775.00,30.79,28.16,1005.24,1261.00,31.03,26.00,1000.95,
[Done] Closed the serial port 

[Starting] Opening the serial port - COM3
793.00,30.86,28.11,1005.28,1203.00,31.02,26.10,1004.84,
794.00,30.86,28.12,1005.28,1201.00,30.92,26.12,1005.98,
1038.00,30.85,28.13,1005.29,1197.00,30.85,26.12,1006.56,
1824.00,30.85,28.13,1005.27,1193.00,30.90,26.14,1007.06,
3223.00,30.84,28.13,1005.24,1192.00,30.90,26.15,1007.40,
5654.00,30.83,28.15,1005.24,1191.00,30.90,26.17,1020.34,
9666.00,30.83,28.15,1005.27,1190.00,30.73,26.19,1023.51,
10000.00,30.83,28.15,1005.28,1189.00,30.57,26.18,1018.79,
10000.00,30.82,28.16,1005.27,1188.00,30.45,26.19,1015.57,
10000.00,30.81,28.17,1005.28,1187.00,30.37,26.19,1015.11,
10000.00,30.81,28.16,1005.23,1186.00,30.29,26.19,1013.65,
10000.00,30.80,28.17,1005.28,1186.00,30.25,26.21,1012.27,
[Done] Closed the serial port 

[Starting] Opening the serial port - COM3
10000.00,30.77,28.16,1005.28,ovf,30.13,26.26,1007.48,
10000.00,30.78,28.18,1005.28,1184.00,30.12,26.28,1006.94,
10000.00,30.78,28.18,1005.29,1184.00,30.12,26.29,1006.44,
10000.00,30.76,28.18,1005.25,1184.00,30.13,26.30,1006.17,
10000.00,30.75,28.19,1005.28,1184.00,30.13,26.32,1005.92,
10000.00,30.75,28.19,1005.31,1183.00,30.13,26.34,1005.70,
10000.00,30.75,28.18,1005.28,1182.00,30.13,26.35,1005.50,
10000.00,30.74,28.19,1005.29,1182.00,30.13,26.37,1005.41,
10000.00,30.73,28.19,1005.29,1181.00,30.12,26.39,1005.33,
10000.00,30.72,28.19,1005.27,1180.00,30.12,26.39,1005.27,
10000.00,30.68,28.20,1005.31,1179.00,30.11,26.41,1005.28,
10000.00,30.67,28.19,1005.29,1179.00,30.11,26.43,1005.19,
10000.00,30.68,28.19,1005.29,1179.00,30.11,26.44,1005.20,
10000.00,30.68,28.20,1005.27,1178.00,30.10,26.45,1005.19,
10000.00,30.70,28.20,1005.31,1178.00,30.09,26.47,1005.21,
10000.00,30.69,28.21,1005.30,1177.00,30.08,26.47,1005.18,
10000.00,30.67,28.22,1005.33,1177.00,30.08,26.48,1005.18,
10000.00,30.66,28.21,1005.30,1176.00,30.08,26.49,1005.15,
10000.00,30.66,28.21,1005.31,1176.00,30.08,26.50,1005.18,
10000.00,30.66,28.20,1005.31,1176.00,30.07,26.51,1005.18,
10000.00,30.66,28.21,1005.31,1176.00,30.07,26.53,1005.19,
10000.00,30.65,28.21,1005.26,1176.00,30.07,26.54,1005.19,
10000.00,30.64,28.23,1005.30,1176.00,30.07,26.55,1005.18,
10000.00,30.64,28.22,1005.30,1176.00,30.08,26.55,1005.16,
10000.00,30.63,28.24,1005.31,1176.00,30.08,26.56,1005.19,
10000.00,30.62,28.23,1005.30,1175.00,30.11,26.57,1005.17,
10000.00,30.63,28.23,1005.30,1175.00,30.11,26.58,1005.19,
10000.00,30.63,28.23,1005.32,1174.00,30.13,26.58,1005.21,
10000.00,30.62,28.23,1005.33,1174.00,30.14,26.59,1005.20,
10000.00,30.62,28.23,1005.30,1175.00,30.17,26.61,1005.20,
10000.00,30.62,28.23,1005.30,1174.00,30.18,26.61,1005.20,
10000.00,30.61,28.24,1005.30,1171.00,30.20,26.61,1005.17,
10000.00,30.60,28.24,1005.30,1170.00,30.22,26.62,1005.20,
10000.00,30.60,28.25,1005.30,1170.00,30.24,26.62,1005.18,
10000.00,30.60,28.24,1005.32,1169.00,30.25,26.63,1005.21,
10000.00,30.58,28.24,1005.30,1167.00,30.26,26.63,1005.18,
10000.00,30.58,28.24,1005.35,1166.00,30.27,26.63,1005.19,
10000.00,30.58,28.24,1005.29,1167.00,30.28,26.64,1005.20,
10000.00,30.58,28.24,1005.31,1165.00,30.29,26.64,1005.23,
10000.00,30.57,28.24,1005.32,1166.00,30.28,26.64,1005.18,
10000.00,30.57,28.23,1005.30,1165.00,30.29,26.64,1005.17,
10000.00,30.56,28.23,1005.31,1164.00,30.29,26.65,1005.16,
10000.00,30.56,28.24,1005.33,1165.00,30.28,26.64,1005.13,
10000.00,30.56,28.23,1005.29,1164.00,30.29,26.65,1005.16,
10000.00,30.56,28.23,1005.29,1165.00,30.28,26.65,1005.16,
10000.00,30.56,28.24,1005.30,1164.00,30.28,26.66,1005.15,
10000.00,30.55,28.23,1005.33,1164.00,30.28,26.66,1005.20,
10000.00,30.55,28.23,1005.30,ovf,30.28,26.65,1005.16,
10000.00,30.55,28.24,1005.31,1162.00,30.27,26.65,1005.15,
10000.00,30.54,28.24,1005.34,1161.00,30.28,26.66,1005.17,
10000.00,30.54,28.24,1005.31,1161.00,30.28,26.66,1005.16,
10000.00,30.54,28.24,1005.33,1161.00,30.26,26.66,1005.15,
ovf,30.54,28.23,1005.32,1161.00,30.27,26.67,1005.19,
10000.00,30.54,28.24,1005.30,1161.00,30.27,26.67,1005.12,
10000.00,30.53,28.25,1005.34,1161.00,30.27,26.67,1005.17,
10000.00,30.53,28.23,1005.30,1161.00,30.27,26.67,1005.20,
10000.00,30.53,28.23,1005.32,1161.00,30.27,26.67,1005.15,
10000.00,30.53,28.23,1005.34,1160.00,30.28,26.67,1005.17,
10000.00,30.53,28.23,1005.33,1160.00,30.28,26.67,1005.20,
10000.00,30.52,28.23,1005.34,1161.00,30.30,26.67,1005.17,
10000.00,30.52,28.23,1005.29,1160.00,30.30,26.67,1005.17,
10000.00,30.52,28.23,1005.32,ovf,30.31,26.67,1005.15,
10000.00,30.52,28.23,1005.30,1158.00,30.32,26.67,1005.18,
10000.00,30.51,28.22,1005.32,1159.00,30.32,26.67,1005.17,
10000.00,30.50,28.24,1005.33,1159.00,30.32,26.67,1005.14,
10000.00,30.50,28.23,1005.35,1158.00,30.34,26.68,1005.13,
10000.00,30.50,28.23,1005.32,1159.00,30.34,26.68,1005.13,
10000.00,30.49,28.24,1005.31,1158.00,30.35,26.68,1005.17,
10000.00,30.48,28.24,1005.32,1158.00,30.35,26.68,1005.20,
10000.00,30.48,28.24,1005.36,1158.00,30.37,26.68,1005.15,
10000.00,30.48,28.23,1005.34,1157.00,30.38,26.68,1005.17,
10000.00,30.48,28.22,1005.32,1156.00,30.38,26.68,1005.16,
10000.00,30.48,28.23,1005.31,1156.00,30.38,26.68,1005.16,
10000.00,30.47,28.23,1005.31,1155.00,30.38,26.69,1005.16,
10000.00,30.47,28.23,1005.31,1156.00,30.40,26.68,1005.14,
10000.00,30.47,28.23,1005.26,1155.00,30.40,26.68,1005.15,
10000.00,30.46,28.23,1005.34,1156.00,30.41,26.69,1005.12,
10000.00,30.46,28.23,1005.32,1155.00,30.41,26.69,1005.13,
10000.00,30.46,28.23,1005.34,1155.00,30.42,26.69,1005.13,
10000.00,30.46,28.22,1005.30,1155.00,30.42,26.70,1005.14,
10000.00,30.46,28.22,1005.33,1154.00,30.42,26.70,1005.15,
10000.00,30.46,28.23,1005.32,1154.00,30.43,26.70,1005.12,
10000.00,30.45,28.23,1005.33,1154.00,30.43,26.70,1005.19,
10000.00,30.45,28.23,1005.32,1154.00,30.45,26.70,1005.15,
10000.00,30.45,28.22,1005.32,1153.00,30.45,26.71,1005.16,
10000.00,30.45,28.23,1005.33,1152.00,30.45,26.71,1005.18,
10000.00,30.45,28.23,1005.35,1153.00,30.46,26.71,1005.22,
10000.00,30.45,28.23,1005.35,1153.00,30.45,26.71,1005.20,
10000.00,30.43,28.23,1005.35,1152.00,30.45,26.72,1005.18,
10000.00,30.43,28.23,1005.33,1152.00,30.46,26.72,1005.16,
10000.00,30.42,28.21,1005.33,1152.00,30.46,26.72,1005.14,
10000.00,30.42,28.22,1005.36,1151.00,30.46,26.72,1005.17,
10000.00,30.42,28.22,1005.32,1152.00,30.46,26.73,1005.13,
10000.00,30.41,28.22,1005.31,1151.00,30.46,26.72,1005.11,
10000.00,30.41,28.22,1005.33,1151.00,30.47,26.73,1005.17,
10000.00,30.41,28.22,1005.34,1150.00,30.47,26.73,1005.22,
10000.00,30.40,28.21,1005.32,1150.00,30.48,26.74,1005.23,
10000.00,30.40,28.21,1005.32,1149.00,30.47,26.74,1005.23,
10000.00,30.39,28.21,1005.30,1149.00,30.50,26.75,1005.18,
10000.00,30.38,28.20,1005.35,1148.00,30.48,26.74,1005.14,
10000.00,30.36,28.20,1005.33,1148.00,30.48,26.75,1005.12,
10000.00,30.34,28.22,1005.32,1148.00,30.48,26.75,1005.15,
10000.00,30.34,28.21,1005.31,1148.00,30.50,26.75,1005.14,
10000.00,30.35,28.21,1005.34,1146.00,30.50,26.75,1005.18,
10000.00,30.35,28.22,1005.34,1146.00,30.50,26.76,1005.13,
10000.00,30.34,28.21,1005.33,1145.00,30.50,26.76,1005.16,
10000.00,30.35,28.22,1005.33,1145.00,30.50,26.76,1005.18,
10000.00,30.35,28.21,1005.33,1145.00,30.50,26.76,1005.15,
10000.00,30.35,28.22,1005.36,1146.00,30.50,26.77,1005.23,
10000.00,30.34,28.21,1005.34,1145.00,30.51,26.77,1005.22,
10000.00,30.34,28.22,1005.38,1145.00,30.51,26.77,1005.17,
10000.00,30.33,28.22,1005.35,1145.00,30.51,26.77,1005.18,
10000.00,30.33,28.21,1005.33,1145.00,30.50,26.78,1005.16,
10000.00,30.33,28.22,1005.31,1145.00,30.46,26.78,1005.84,
10000.00,30.33,28.22,1005.34,1143.00,30.36,26.78,1010.48,
10000.00,30.33,28.22,1005.36,1144.00,30.26,26.79,1014.11,
10000.00,30.32,28.22,1005.34,1143.00,30.10,26.79,1017.30,
10000.00,30.33,28.22,1005.32,1143.00,29.93,26.78,1013.39,
ovf,30.32,28.21,1005.32,1143.00,29.81,26.79,1010.61,
10000.00,30.33,28.21,1005.32,1142.00,29.74,26.79,1007.36,
10000.00,30.32,28.22,1005.35,1142.00,29.74,26.80,1006.75,
10000.00,30.32,28.21,1005.34,1142.00,29.71,26.81,1006.33,
10000.00,30.32,28.22,1005.36,1142.00,29.70,26.82,1006.01,
10000.00,30.31,28.22,1005.34,1141.00,29.71,26.83,1005.83,
10000.00,30.31,28.22,1005.33,1141.00,29.74,26.84,1013.13,
10000.00,30.31,28.22,1005.32,1141.00,29.61,26.86,1029.97,
10000.00,30.30,28.22,1005.32,1140.00,29.38,26.86,1035.48,
10000.00,30.30,28.22,1005.33,ovf,29.29,26.88,1033.74,
10000.00,30.30,28.22,1005.32,1140.00,28.75,26.85,1023.86,
10000.00,30.29,28.21,1005.33,1139.00,28.37,26.86,1018.11,
10000.00,30.29,28.22,1005.34,1139.00,28.17,26.86,1014.30,
10000.00,30.29,28.22,1005.35,1139.00,28.04,26.86,1011.86,
ovf,30.26,28.22,1005.32,1138.00,28.40,26.87,1020.57,
10000.00,30.26,28.21,1005.34,1138.00,28.40,26.88,1018.00,
10000.00,30.27,28.22,1005.31,1138.00,28.39,26.88,1014.45,
10000.00,30.26,28.22,1005.34,1138.00,28.31,26.89,1011.90,
10000.00,30.25,28.21,1005.31,1139.00,28.02,26.89,1009.98,
10000.00,30.25,28.21,1005.33,1138.00,27.67,26.89,1005.12,
10000.00,30.25,28.22,1005.29,1138.00,27.65,26.90,1005.15,
10000.00,30.24,28.22,1005.34,1139.00,27.74,26.90,1005.12,
10000.00,30.24,28.21,1005.35,1139.00,27.91,26.91,1005.15,
10000.00,30.25,28.21,1005.29,ovf,27.99,26.92,1005.13,
10000.00,30.24,28.22,1005.31,1138.00,28.07,26.95,1005.10,
10000.00,30.24,28.23,1005.31,1138.00,28.12,26.96,1005.12,
10000.00,30.24,28.22,1005.32,1138.00,28.14,26.97,1005.14,
10000.00,30.24,28.23,1005.35,1138.00,28.18,26.98,1005.11,
10000.00,30.22,28.23,1005.32,1138.00,28.20,26.99,1005.14,
10000.00,30.22,28.23,1005.36,1138.00,28.21,27.01,1005.13,
10000.00,30.22,28.22,1005.35,1137.00,28.23,27.03,1005.11,
10000.00,30.22,28.23,1005.35,1138.00,28.24,27.03,1005.13,
10000.00,30.21,28.23,1005.32,1137.00,28.25,27.04,1005.09,
10000.00,30.21,28.23,1005.32,1137.00,28.25,27.05,1005.12,
10000.00,30.19,28.23,1005.34,1136.00,28.26,27.06,1005.12,
10000.00,30.19,28.23,1005.36,1136.00,28.26,27.07,1005.14,
10000.00,30.19,28.23,1005.36,1136.00,28.26,27.08,1005.12,
10000.00,30.18,28.23,1005.30,1136.00,28.26,27.09,1005.08,
10000.00,30.17,28.23,1005.33,1135.00,28.27,27.10,1005.12,
10000.00,30.17,28.23,1005.33,1135.00,28.27,27.11,1005.09,
10000.00,30.17,28.24,1005.34,1134.00,28.27,27.12,1005.13,
10000.00,30.16,28.24,1005.32,1135.00,28.27,27.12,1005.11,
10000.00,30.16,28.24,1005.32,1134.00,28.27,27.14,1005.12,
10000.00,30.16,28.23,1005.33,1134.00,28.27,27.14,1005.09,
10000.00,30.15,28.23,1005.34,1134.00,28.27,27.15,1005.14,
10000.00,30.15,28.24,1005.33,1132.00,28.27,27.15,1005.09,
10000.00,30.14,28.24,1005.30,1132.00,28.27,27.16,1005.12,
10000.00,30.11,28.24,1005.33,1132.00,28.27,27.16,1005.13,
10000.00,30.12,28.25,1005.33,1132.00,28.27,27.16,1005.16,
10000.00,30.10,28.25,1005.33,1131.00,28.26,27.17,1005.11,
10000.00,30.10,28.24,1005.31,1131.00,28.27,27.17,1005.16,
10000.00,30.10,28.23,1005.32,1131.00,28.27,27.17,1005.12,
10000.00,30.11,28.24,1005.30,1131.00,28.19,27.16,992.53,
10000.00,30.10,28.25,1005.30,1131.00,26.43,27.05,870.88,
10000.00,30.09,28.24,1005.34,1130.00,24.88,26.84,783.97,
10000.00,30.09,28.25,1005.37,1130.00,24.59,26.77,713.35,
10000.00,30.09,28.25,1005.36,1129.00,23.40,26.68,670.65,
10000.00,30.08,28.25,1005.34,1130.00,23.87,26.65,715.00,
10000.00,30.07,28.26,1005.31,1129.00,24.48,26.63,746.07,
10000.00,30.07,28.25,1005.33,1128.00,24.93,26.61,771.40,
10000.00,30.06,28.26,1005.30,1128.00,25.17,26.61,793.20,
10000.00,30.06,28.26,1005.30,1128.00,25.60,26.61,812.46,
[Done] Closed the serial port 

[Starting] Opening the serial port - COM3
10000.00,30.03,28.20,1005.36,1127.00,27.96,26.85,973.25,
[Done] Closed the serial port 

[Starting] Opening the serial port - COM3
10000.00,30.00,28.18,1005.36,1123.00,28.18,27.05,1004.85,
10000.00,29.97,28.19,1005.33,1123.00,28.18,27.07,1004.88,
10000.00,29.96,28.20,1005.39,1122.00,28.18,27.07,1004.84,
10000.00,29.95,28.20,1005.35,1122.00,27.52,27.05,936.06,
10000.00,29.94,28.21,1005.36,1122.00,26.31,26.94,841.63,
10000.00,29.93,28.21,1005.34,1122.00,25.33,26.88,765.64,
10000.00,29.93,28.21,1005.34,1122.00,24.62,26.81,703.52,
10000.00,29.92,28.23,1005.38,1121.00,23.73,26.71,648.87,
10000.00,29.91,28.23,1005.36,1122.00,22.71,26.62,601.64,
10000.00,29.91,28.23,1005.37,1121.00,22.53,26.52,590.53,
10000.00,29.90,28.23,1005.34,1121.00,22.94,26.49,615.36,
10000.00,29.88,28.23,1005.35,1120.00,23.40,26.46,635.12,
10000.00,29.88,28.24,1005.38,1120.00,23.73,26.45,653.55,
10000.00,29.87,28.24,1005.34,1120.00,24.04,26.45,670.87,
10000.00,29.86,28.25,1005.39,1121.00,24.25,26.44,686.97,
10000.00,29.84,28.25,1005.36,1120.00,24.46,26.44,703.45,
10000.00,29.84,28.24,1005.35,1120.00,24.68,26.44,718.49,
10000.00,29.83,28.25,1005.32,1119.00,24.79,26.45,732.97,
10000.00,29.83,28.26,1005.35,1118.00,25.02,26.46,746.95,
10000.00,29.82,28.26,1005.34,1118.00,25.23,26.48,775.55,
10000.00,29.81,28.27,1005.35,1118.00,26.32,26.53,849.15,
10000.00,29.79,28.27,1005.35,1118.00,27.46,26.63,940.66,
10000.00,29.78,28.28,1005.33,1118.00,28.39,26.74,1004.97,
10000.00,29.79,28.28,1005.36,1118.00,27.75,26.76,1005.00,
10000.00,29.77,28.28,1005.36,1118.00,27.46,26.78,1005.04,
10000.00,29.77,28.28,1005.37,1118.00,27.38,26.80,1005.03,
10000.00,29.76,28.29,1005.35,1118.00,27.34,26.81,1005.03,
10000.00,29.75,28.29,1005.36,1118.00,27.33,26.83,1005.01,
10000.00,29.74,28.30,1005.31,1118.00,27.36,26.84,1005.01,
10000.00,29.74,28.30,1005.32,1118.00,27.37,26.85,1005.03,
10000.00,29.73,28.30,1005.34,1118.00,27.40,26.86,1005.02,
10000.00,29.73,28.30,1005.34,1118.00,27.44,26.87,1005.04,
10000.00,29.72,28.30,1005.33,1117.00,27.48,26.88,1005.07,
10000.00,29.68,28.31,1005.35,1117.00,27.52,26.88,1005.09,
10000.00,29.67,28.32,1005.32,1116.00,27.58,26.89,1005.08,
10000.00,29.67,28.32,1005.33,1116.00,27.62,26.90,1005.07,
10000.00,29.66,28.31,1005.32,1115.00,27.68,26.90,1005.06,
10000.00,29.67,28.33,1005.33,1115.00,27.73,26.90,1005.07,
10000.00,29.66,28.33,1005.32,1115.00,27.76,26.91,1005.07,
10000.00,29.64,28.34,1005.32,1115.00,27.79,26.91,1005.06,
10000.00,29.63,28.35,1005.32,1114.00,27.82,26.92,1005.05,
10000.00,29.63,28.34,1005.32,1113.00,27.84,26.92,1005.03,
10000.00,29.63,28.34,1005.34,1113.00,27.86,26.92,1005.06,
10000.00,29.62,28.34,1005.30,1112.00,27.88,26.92,1005.07,
10000.00,29.61,28.35,1005.33,1112.00,27.89,26.92,1005.03,
10000.00,29.61,28.35,1005.33,1112.00,27.91,26.93,1005.05,
10000.00,29.61,28.36,1005.33,1112.00,27.87,26.91,1007.18,
10000.00,29.59,28.35,1005.31,1112.00,27.94,26.91,1007.19,
10000.00,29.60,28.34,1005.30,1112.00,28.09,26.89,1007.18,
10000.00,29.59,28.35,1005.33,1112.00,28.09,26.88,1007.12,
10000.00,29.59,28.35,1005.33,1111.00,28.01,26.86,1007.15,
10000.00,29.59,28.35,1005.32,1112.00,28.00,26.84,1007.13,
10000.00,29.59,28.35,1005.32,1111.00,27.96,26.83,1007.15,
10000.00,29.58,28.35,1005.33,1111.00,27.94,26.81,1007.18,
10000.00,29.58,28.36,1005.34,1111.00,27.90,26.79,1007.18,
10000.00,29.57,28.36,1005.34,1111.00,27.89,26.78,1007.15,
10000.00,29.56,28.36,1005.32,ovf,27.93,26.76,1007.21,
10000.00,29.55,28.37,1005.33,1110.00,27.87,26.75,1007.19,
10000.00,29.55,28.37,1005.32,1111.00,27.86,26.74,1007.11,
10000.00,29.54,28.37,1005.27,1110.00,27.89,26.73,1007.13,
10000.00,29.53,28.38,1005.32,1111.00,27.85,26.71,1007.15,
10000.00,29.52,28.39,1005.33,1110.00,27.84,26.70,1007.17,
10000.00,29.50,28.39,1005.34,1110.00,27.79,26.68,1007.16,
10000.00,29.49,28.39,1005.35,1110.00,27.85,26.68,1007.16,
10000.00,29.48,28.40,1005.33,1110.00,27.76,26.69,1007.15,
10000.00,29.47,28.40,1005.34,1109.00,27.75,26.67,1007.16,
9891.00,29.47,28.40,1005.31,1109.00,27.75,26.67,1012.31,
9386.00,29.46,28.40,1005.32,1109.00,27.81,26.66,1007.19,
8650.00,29.46,28.40,1005.33,1109.00,27.78,26.66,1007.17,
8176.00,29.45,28.41,1005.28,1109.00,27.78,26.65,1009.00,
7607.00,29.43,28.43,1005.32,ovf,27.77,26.65,1007.17,
7051.00,29.40,28.43,1005.27,1108.00,27.75,26.65,1007.14,
6516.00,29.40,28.43,1005.29,1107.00,27.74,26.64,1007.13,
6104.00,29.38,28.44,1005.31,1108.00,27.55,26.64,1007.18,
5811.00,29.37,28.44,1005.30,1107.00,27.60,26.64,1007.15,
5399.00,29.36,28.45,1005.33,1107.00,27.62,26.64,1007.15,
5155.00,29.35,28.45,1005.29,1107.00,27.50,26.65,1007.17,
4828.00,29.34,28.45,1005.29,1106.00,27.63,26.65,1007.14,
4598.00,29.34,28.45,1005.32,1106.00,27.63,26.64,1006.28,
4303.00,29.33,28.45,1005.32,1106.00,27.64,26.64,1007.12,
4048.00,29.33,28.45,1005.30,1106.00,27.63,26.64,1007.16,
3897.00,29.31,28.45,1005.32,1106.00,27.57,26.64,1007.13,
3667.00,29.31,28.45,1005.32,1105.00,27.55,26.64,1006.90,
3523.00,29.29,28.47,1005.34,1105.00,27.64,26.64,1006.70,
3333.00,29.28,28.47,1005.35,ovf,27.60,26.64,1006.68,
3147.00,29.27,28.46,1005.33,1104.00,27.61,26.64,1006.91,
2980.00,29.27,28.45,1005.33,1103.00,27.55,26.64,1007.09,
2825.00,29.26,28.45,1005.29,1104.00,27.58,26.63,1007.09,
2733.00,29.26,28.47,1005.32,1103.00,27.43,26.62,1007.10,
2589.00,29.25,28.48,1005.29,1103.00,27.51,26.62,1007.10,
2504.00,29.24,28.48,1005.30,1102.00,27.59,26.63,1007.09,
2367.00,29.24,28.48,1005.31,1102.00,27.48,26.63,1007.09,
2272.00,29.22,28.48,1005.31,1102.00,27.56,26.63,1007.07,
2176.00,29.20,28.48,1005.30,1102.00,27.56,26.63,1007.13,
2075.00,29.20,28.48,1005.29,1102.00,27.52,26.61,1007.08,
2024.00,29.19,28.48,1005.31,1102.00,27.47,26.63,1007.09,
1934.00,29.18,28.48,1005.27,1102.00,27.51,26.63,1007.05,
1882.00,29.18,28.48,1005.32,1102.00,27.48,26.61,1007.08,
1798.00,29.18,28.48,1005.29,ovf,27.59,26.62,1007.10,
1725.00,29.18,28.49,1005.31,1102.00,27.38,26.63,1007.10,
1661.00,29.18,28.49,1005.32,1102.00,27.56,26.62,1007.06,
1604.00,29.17,28.50,1005.31,1102.00,27.54,26.62,1007.09,
1567.00,29.16,28.50,1005.29,1102.00,27.50,26.62,1007.08,
1510.00,29.16,28.50,1005.29,1102.00,27.49,26.62,1007.05,
1476.00,29.16,28.50,1005.33,1102.00,27.43,26.62,1007.11,
1418.00,29.14,28.50,1005.28,1102.00,27.39,26.62,1007.07,
1383.00,29.12,28.52,1005.32,1101.00,27.55,26.62,1007.15,
1336.00,29.12,28.51,1005.31,1100.00,27.57,26.63,1007.07,
1288.00,29.11,28.52,1005.33,1099.00,27.46,26.63,1007.10,
1261.00,29.10,28.51,1005.32,1099.00,27.58,26.63,1007.07,
1227.00,29.10,28.52,1005.34,1098.00,27.39,26.63,1007.12,
1206.00,29.09,28.52,1005.31,1097.00,27.41,26.63,1007.10,
1169.00,29.08,28.52,1005.30,1097.00,27.33,26.64,1007.11,
1149.00,29.08,28.52,1005.32,1095.00,27.43,26.64,1007.11,
1120.00,29.08,28.51,1005.32,1094.00,27.45,26.64,1007.08,
1092.00,29.06,28.51,1005.32,1095.00,27.48,26.64,1007.12,
1076.00,29.08,28.50,1005.33,1094.00,27.45,26.64,1007.11,
1044.00,29.08,28.51,1005.33,1093.00,27.40,26.63,1005.10,
1025.00,29.09,28.50,1005.28,1094.00,27.46,26.64,1005.15,
1016.00,29.09,28.50,1005.33,1093.00,27.57,26.64,1005.11,
1014.00,29.08,28.50,1005.33,1094.00,27.61,26.65,1005.13,
1014.00,29.08,28.50,1005.35,1093.00,27.65,26.66,1005.19,
1015.00,29.05,28.49,1005.35,1093.00,27.68,26.67,1005.18,
1016.00,29.05,28.49,1005.32,1092.00,27.69,26.68,1005.14,
1017.00,29.05,28.50,1005.36,1092.00,27.70,26.68,1005.17,
1018.00,29.05,28.50,1005.30,1091.00,27.71,26.69,1005.14,
1020.00,29.05,28.50,1005.31,ovf,27.71,26.69,1005.12,
1022.00,29.04,28.50,1005.34,1090.00,27.68,26.70,1005.12,
1025.00,29.03,28.51,1005.33,1090.00,27.75,26.71,1005.13,
1031.00,29.02,28.51,1005.35,1090.00,27.75,26.72,1005.13,
1041.00,29.02,28.50,1005.31,1089.00,27.76,26.73,1005.12,
1074.00,29.02,28.50,1005.32,1088.00,27.74,26.73,1005.14,
1104.00,29.02,28.50,1005.34,1087.00,27.79,26.74,1005.13,
1134.00,29.02,28.50,1005.34,1087.00,27.80,26.75,1005.05,
1143.00,29.03,28.50,1005.35,1088.00,27.82,26.75,1005.03,
1146.00,29.02,28.50,1005.32,1087.00,27.82,26.75,1005.08,
1145.00,29.02,28.50,1005.31,1087.00,27.83,26.77,1005.12,
1143.00,29.01,28.51,1005.34,1087.00,27.83,26.77,1005.14,
1142.00,29.01,28.51,1005.36,1087.00,27.83,26.78,1005.31,
1141.00,29.01,28.50,1005.34,1087.00,27.82,26.79,1005.31,
1141.00,29.01,28.50,1005.34,ovf,27.82,26.79,1005.24,
1142.00,29.01,28.50,1005.34,1087.00,27.83,26.79,1005.27,
1143.00,29.00,28.52,1005.31,1086.00,27.83,26.80,1005.23,
1147.00,28.98,28.51,1005.33,1086.00,27.85,26.81,1005.24,
1149.00,28.97,28.51,1005.33,1086.00,27.85,26.81,1005.15,
1154.00,28.97,28.51,1005.36,1085.00,27.86,26.81,1005.17,
1158.00,28.97,28.50,1005.32,1085.00,27.86,26.82,1005.20,
[Done] Closed the serial port 

[Starting] Opening the serial port - COM3
1210.00,29.01,28.44,1005.32,1084.00,27.92,26.81,1005.16,
1215.00,29.02,28.45,1005.36,1084.00,27.92,26.83,1005.31,
1221.00,29.02,28.45,1005.31,1084.00,27.94,26.83,1005.27,
1224.00,29.03,28.45,1005.40,1083.00,27.95,26.83,1005.25,
1229.00,29.02,28.45,1005.36,1083.00,27.95,26.84,1005.24,
[Done] Closed the serial port 

[Starting] Opening the serial port - COM3
1298.00,29.01,28.40,1005.35,1083.00,28.01,26.82,1005.15,
1301.00,29.00,28.43,1005.38,1082.00,28.02,26.84,1005.14,
1307.00,28.99,28.43,1005.36,1082.00,28.03,26.84,1005.25,
1311.00,28.97,28.45,1005.37,1083.00,28.03,26.85,1005.12,
1318.00,28.93,28.45,1005.36,1083.00,28.04,26.84,1005.16,
1321.00,28.92,28.45,1005.36,1083.00,28.04,26.85,1005.20,
1323.00,28.91,28.45,1005.38,1082.00,28.05,26.85,1005.17,
1326.00,28.90,28.45,1005.33,1082.00,28.07,26.85,1005.19,
1329.00,28.90,28.45,1005.32,1082.00,28.05,26.85,1005.22,
1333.00,28.89,28.47,1005.34,ovf,28.07,26.86,1005.20,
[Done] Closed the serial port 

[Starting] Opening the serial port - COM3
1378.00,28.87,28.41,1005.39,1078.00,28.12,26.85,1005.18,
1407.00,28.81,28.48,1005.37,1078.00,28.16,26.88,1005.15,
1029.00,28.76,28.49,1005.35,1077.00,25.40,26.64,788.80,
1125.00,28.71,28.53,1005.37,1076.00,26.22,26.64,846.59,
1204.00,28.69,28.54,1005.39,1076.00,26.51,26.69,882.34,
1000.00,28.65,28.54,1005.38,1076.00,25.22,26.58,781.50,
1073.00,28.64,28.54,1005.37,1074.00,25.87,26.63,825.98,
1084.00,28.62,28.54,1005.39,1073.00,26.20,26.70,864.17,
1084.00,28.62,28.54,1005.37,1071.00,26.50,26.76,891.25,
1040.00,28.62,28.54,1005.40,1070.00,24.93,26.73,763.56,
921.00,28.58,28.53,1005.39,1070.00,25.25,26.68,781.85,
987.00,28.57,28.54,1005.45,1069.00,25.75,26.73,824.89,
981.00,28.54,28.53,1005.37,1068.00,26.05,26.79,855.03,
970.00,28.54,28.53,1005.40,1066.00,24.95,26.78,764.68,
887.00,28.55,28.52,1005.41,1065.00,25.11,26.76,780.52,
913.00,28.53,28.53,1005.43,1063.00,25.63,26.81,821.40,